10 .125
12 .125
7 .0625
7 .125
3 .0625
6 .0625
5 .0625
3 .125
3 .125
5 .125
6 .125
6 .0625
5 .0625
3 .0625
5 .0625
7 .0625
10 .0625
12 .0625
7 .0625
10 .0625
5 .0625
7 .0625
3 .0625
5 .0625
3 .0625
7 .125
10 .125
12 .0625
7 .0625
10 .0625
5 .0625
7 .0625
3 .0625
6 .0625
7 .0625
6 .0625
5 .0625
3 .0625
5 .0625
6 .125
3 .0625
5 .0625
7 .0625
10 .0625
5 .0625
7 .0625
5 .0625
3 .0625
5 .125
3 .125
5 .125

3 .125
-2 .0625
0 .0625
3 .125
-2 .0625
0 .0625
3 .0625
5 .0625
7 .0625
3 .0625
8 .0625
7 .0625
8 .0625
10 .0625
3 .125
3 .125
-2 .0625
0 .0625
3 .0625
-2 .0625
8 .0625
7 .0625
5 .0625
3 .0625
-2 .0625
-5 .0625
-4 .0625
-2 .0625
3 .125
-2 .0625
0 .0625
3 .125
-2 .0625
0 .0625
3 .0625
3 .0625
5 .0625
7 .0625
3 .0625
-2 .0625
0 .0625
-2 .0625
3 .125
3 .0625
2 .0625
3 .0625
-2 .0625
0 .0625
3 .0625
8 .0625
7 .0625
8 .0625
10 .0625
3 .125
5 .125

10 .125
12 .125
7 .0625
7 .125
3 .0625
6 .0625
5 .0625
3 .125
3 .125
5 .125
6 .125
6 .0625
5 .0625
3 .0625
5 .0625
7 .0625
10 .0625
12 .0625
7 .0625
10 .0625
5 .0625
7 .0625
3 .0625
5 .0625
3 .0625
7 .125
10 .125
12 .0625
7 .0625
10 .0625
5 .0625
7 .0625
3 .0625
6 .0625
7 .0625
6 .0625
5 .0625
3 .0625
5 .0625
6 .125
3 .0625
5 .0625
7 .0625
10 .0625
5 .0625
7 .0625
5 .0625
3 .0625
5 .125
15 .42
